Bests:
	3 lines  	Rounded median of number of rolls before fail
24      (2, 6, 7)              4               
25      (2, 6, 8)              5                
30      (2, 7, 8)              5            
60      (3, 6, 7)              4                
61      (3, 6, 8)              4              
66      (3, 7, 8)              6               
88      (4, 6, 7)              5                
89      (4, 6, 8)              7              
90      (4, 6, 9)              4               
91     (4, 6, 10)              5               
94      (4, 7, 8)              6                
95      (4, 7, 9)              6               
96     (4, 7, 10)              5                
99      (4, 8, 9)              4               
100    (4, 8, 10)              5                
109     (5, 6, 7)              5                
110     (5, 6, 8)              6               
111     (5, 6, 9)              4                
112    (5, 6, 10)              4                
115     (5, 7, 8)              7                
116     (5, 7, 9)              4                
117    (5, 7, 10)              6                
118    (5, 7, 11)              4                
120     (5, 8, 9)              4                
121    (5, 8, 10)              4                
130     (6, 7, 8)              8                
131     (6, 7, 9)              7                
132    (6, 7, 10)              6                
133    (6, 7, 11)              6                
134    (6, 7, 12)              5                
135     (6, 8, 9)              6                
136    (6, 8, 10)              7               
137    (6, 8, 11)              4                
138    (6, 8, 12)              5                
139    (6, 9, 10)              4                
145     (7, 8, 9)              5                
146    (7, 8, 10)              5                
147    (7, 8, 11)              4                
148    (7, 8, 12)              4                
149    (7, 9, 10)              4                

             